0.000000000000000000e+00
2.777777777777777901e-01
5.555555555555555802e-01
8.333333333333333703e-01
1.111111111111111160e+00
1.388888888888888840e+00
1.666666666666666741e+00
1.944444444444444642e+00
2.222222222222222321e+00
2.500000000000000000e+00
2.777777777777777679e+00
3.055555555555555802e+00
3.333333333333333481e+00
3.611111111111111160e+00
3.888888888888889284e+00
4.166666666666666963e+00
4.444444444444444642e+00
4.722222222222222321e+00
5.000000000000000000e+00
5.277777777777777679e+00
5.555555555555555358e+00
5.833333333333333925e+00
6.111111111111111605e+00
6.388888888888889284e+00
6.666666666666666963e+00
6.944444444444444642e+00
7.222222222222222321e+00
7.500000000000000000e+00
7.777777777777778567e+00
8.055555555555555358e+00
8.333333333333333925e+00
8.611111111111110716e+00
8.888888888888889284e+00
9.166666666666667851e+00
9.444444444444444642e+00
9.722222222222223209e+00
1.000000000000000000e+01
1.027777777777777857e+01
1.055555555555555536e+01
1.083333333333333393e+01
1.111111111111111072e+01
1.138888888888888928e+01
1.166666666666666785e+01
1.194444444444444464e+01
1.222222222222222321e+01
1.250000000000000000e+01
1.277777777777777857e+01
1.305555555555555536e+01
1.333333333333333393e+01
1.361111111111111249e+01
1.388888888888888928e+01
1.416666666666666785e+01
1.444444444444444464e+01
1.472222222222222321e+01
1.500000000000000000e+01
1.527777777777777857e+01
1.555555555555555713e+01
1.583333333333333393e+01
1.611111111111111072e+01
1.638888888888888928e+01
1.666666666666666785e+01
1.694444444444444642e+01
1.722222222222222143e+01
1.750000000000000000e+01
1.777777777777777857e+01
1.805555555555555713e+01
1.833333333333333570e+01
1.861111111111111072e+01
1.888888888888888928e+01
1.916666666666666785e+01
1.944444444444444642e+01
1.972222222222222143e+01
2.000000000000000000e+01
2.027777777777777857e+01
2.055555555555555713e+01
2.083333333333333570e+01
2.111111111111111072e+01
2.138888888888888928e+01
2.166666666666666785e+01
2.194444444444444642e+01
2.222222222222222143e+01
2.250000000000000000e+01
2.277777777777777857e+01
2.305555555555555713e+01
2.333333333333333570e+01
2.361111111111111072e+01
2.388888888888888928e+01
2.416666666666666785e+01
2.444444444444444642e+01
2.472222222222222499e+01
2.500000000000000000e+01
2.527777777777777857e+01
2.555555555555555713e+01
2.583333333333333570e+01
2.611111111111111072e+01
2.638888888888888928e+01
2.666666666666666785e+01
2.694444444444444642e+01
2.722222222222222499e+01
2.750000000000000000e+01
2.777777777777777857e+01
2.805555555555555713e+01
2.833333333333333570e+01
2.861111111111111072e+01
2.888888888888888928e+01
2.916666666666666785e+01
2.944444444444444642e+01
2.972222222222222499e+01
3.000000000000000000e+01
3.027777777777777857e+01
3.055555555555555713e+01
3.083333333333333570e+01
3.111111111111111427e+01
3.138888888888888928e+01
3.166666666666666785e+01
3.194444444444444642e+01
3.222222222222222143e+01
3.250000000000000000e+01
3.277777777777777857e+01
3.305555555555555713e+01
3.333333333333333570e+01
3.361111111111111427e+01
3.388888888888889284e+01
3.416666666666667140e+01
3.444444444444444287e+01
3.472222222222222143e+01
3.500000000000000000e+01
3.527777777777777857e+01
3.555555555555555713e+01
3.583333333333333570e+01
3.611111111111111427e+01
3.638888888888889284e+01
3.666666666666667140e+01
3.694444444444444287e+01
3.722222222222222143e+01
3.750000000000000000e+01
3.777777777777777857e+01
3.805555555555555713e+01
3.833333333333333570e+01
3.861111111111111427e+01
3.888888888888889284e+01
3.916666666666667140e+01
3.944444444444444287e+01
3.972222222222222143e+01
4.000000000000000000e+01
4.027777777777777857e+01
4.055555555555555713e+01
4.083333333333333570e+01
4.111111111111111427e+01
4.138888888888889284e+01
4.166666666666667140e+01
4.194444444444444287e+01
4.222222222222222143e+01
4.250000000000000000e+01
4.277777777777777857e+01
4.305555555555555713e+01
4.333333333333333570e+01
4.361111111111111427e+01
4.388888888888889284e+01
4.416666666666667140e+01
4.444444444444444287e+01
4.472222222222222143e+01
4.500000000000000000e+01
4.527777777777777857e+01
4.555555555555555713e+01
4.583333333333333570e+01
4.611111111111111427e+01
4.638888888888889284e+01
4.666666666666667140e+01
4.694444444444444997e+01
4.722222222222222143e+01
4.750000000000000000e+01
4.777777777777777857e+01
4.805555555555555713e+01
4.833333333333333570e+01
4.861111111111111427e+01
4.888888888888889284e+01
4.916666666666667140e+01
4.944444444444444997e+01
4.972222222222222143e+01
5.000000000000000000e+01
5.027777777777777857e+01
5.055555555555555713e+01
5.083333333333333570e+01
5.111111111111111427e+01
5.138888888888889284e+01
5.166666666666667140e+01
5.194444444444444997e+01
5.222222222222222143e+01
5.250000000000000000e+01
5.277777777777777857e+01
5.305555555555555713e+01
5.333333333333333570e+01
5.361111111111111427e+01
5.388888888888889284e+01
5.416666666666667140e+01
5.444444444444444997e+01
5.472222222222222143e+01
5.500000000000000000e+01
5.527777777777777857e+01
5.555555555555555713e+01
5.583333333333333570e+01
5.611111111111111427e+01
5.638888888888889284e+01
5.666666666666667140e+01
5.694444444444444997e+01
5.722222222222222143e+01
5.750000000000000000e+01
5.777777777777777857e+01
5.805555555555555713e+01
5.833333333333333570e+01
5.861111111111111427e+01
5.888888888888889284e+01
5.916666666666667140e+01
5.944444444444444997e+01
5.972222222222222143e+01
6.000000000000000000e+01
6.027777777777777857e+01
6.055555555555555713e+01
6.083333333333333570e+01
6.111111111111111427e+01
6.138888888888889284e+01
6.166666666666667140e+01
6.194444444444444997e+01
6.222222222222222854e+01
6.250000000000000000e+01
6.277777777777777857e+01
6.305555555555555713e+01
6.333333333333333570e+01
6.361111111111111427e+01
6.388888888888889284e+01
6.416666666666667140e+01
6.444444444444444287e+01
6.472222222222222854e+01
6.500000000000000000e+01
6.527777777777778567e+01
6.555555555555555713e+01
6.583333333333334281e+01
6.611111111111111427e+01
6.638888888888888573e+01
6.666666666666667140e+01
6.694444444444444287e+01
6.722222222222222854e+01
6.750000000000000000e+01
6.777777777777778567e+01
6.805555555555555713e+01
6.833333333333334281e+01
6.861111111111111427e+01
6.888888888888888573e+01
6.916666666666667140e+01
6.944444444444444287e+01
6.972222222222222854e+01
7.000000000000000000e+01
7.027777777777778567e+01
7.055555555555555713e+01
7.083333333333334281e+01
7.111111111111111427e+01
7.138888888888888573e+01
7.166666666666667140e+01
7.194444444444444287e+01
7.222222222222222854e+01
7.250000000000000000e+01
7.277777777777778567e+01
7.305555555555555713e+01
7.333333333333334281e+01
7.361111111111111427e+01
7.388888888888888573e+01
7.416666666666667140e+01
7.444444444444444287e+01
7.472222222222222854e+01
7.500000000000000000e+01
7.527777777777778567e+01
7.555555555555555713e+01
7.583333333333334281e+01
7.611111111111111427e+01
7.638888888888888573e+01
7.666666666666667140e+01
7.694444444444444287e+01
7.722222222222222854e+01
7.750000000000000000e+01
7.777777777777778567e+01
7.805555555555555713e+01
7.833333333333334281e+01
7.861111111111111427e+01
7.888888888888888573e+01
7.916666666666667140e+01
7.944444444444444287e+01
7.972222222222222854e+01
8.000000000000000000e+01
8.027777777777778567e+01
8.055555555555555713e+01
8.083333333333334281e+01
8.111111111111111427e+01
8.138888888888888573e+01
8.166666666666667140e+01
8.194444444444444287e+01
8.222222222222222854e+01
8.250000000000000000e+01
8.277777777777778567e+01
8.305555555555555713e+01
8.333333333333334281e+01
8.361111111111111427e+01
8.388888888888888573e+01
8.416666666666667140e+01
8.444444444444444287e+01
8.472222222222222854e+01
8.500000000000000000e+01
8.527777777777778567e+01
8.555555555555555713e+01
8.583333333333334281e+01
8.611111111111111427e+01
8.638888888888888573e+01
8.666666666666667140e+01
8.694444444444444287e+01
8.722222222222222854e+01
8.750000000000000000e+01
8.777777777777778567e+01
8.805555555555555713e+01
8.833333333333334281e+01
8.861111111111111427e+01
8.888888888888888573e+01
8.916666666666667140e+01
8.944444444444444287e+01
8.972222222222222854e+01
9.000000000000000000e+01
9.027777777777778567e+01
9.055555555555555713e+01
9.083333333333334281e+01
9.111111111111111427e+01
9.138888888888889994e+01
9.166666666666667140e+01
9.194444444444444287e+01
9.222222222222222854e+01
9.250000000000000000e+01
9.277777777777778567e+01
9.305555555555555713e+01
9.333333333333334281e+01
9.361111111111111427e+01
9.388888888888889994e+01
9.416666666666667140e+01
9.444444444444444287e+01
9.472222222222222854e+01
9.500000000000000000e+01
9.527777777777778567e+01
9.555555555555555713e+01
9.583333333333334281e+01
9.611111111111111427e+01
9.638888888888889994e+01
9.666666666666667140e+01
9.694444444444444287e+01
9.722222222222222854e+01
9.750000000000000000e+01
9.777777777777778567e+01
9.805555555555555713e+01
9.833333333333334281e+01
9.861111111111111427e+01
9.888888888888889994e+01
9.916666666666667140e+01
9.944444444444444287e+01
9.972222222222222854e+01
1.000000000000000000e+02
